100
42
11
1
2018
7455567103223480
4429594245420191
9216933008768202
3458833948161609
2071721608461882
3576106586345875
1509820409455252
1710426186574942
5
7142251507154620
828255544532418
3135878253563560
5438131588866502
4
2340240013065789
9317832189235796
6
7110844464196112
9993313208383421
8715771743656862
7155534731326297
7952990637066142
10
2673730632847524
5175277686782782
2
7785033310462013
1608764117642142
7397591023695608
4592675450189409
1055323023093701
5737033732804733
1331758157420899
7171399242778517
5535621252516077
8881281481507160
9358424703433810
2572039329971350
3
3788719189747339
8594665808105774
6750207968451063
6804829654317048
10000000000000000
859675078334144
3793828004005034
8
7
5751489524197977
4101409172016303
9183830113377480
1464353970289595
8658008949566449
2490453713002414
327898092813846
7202906544834984
3751399547421145
3973931814795705
9999999999999999
8972517620825800
9172934011050690
8888888888888889
2311968017225471
8719199794050108
8775274167358184
9388667694387945
6399895152584514
9007816212852049
6274186075950963
3700623629863564
1555555555555555
6162088991994487
345808778464606
1804238052312096
6396899631407529
1539450307015026
95
2411972265295222
1743679467917541
4837113889328186
4532338292049468
4802696690431676
9727267853122145
5124663684342387
1204892075373639
1232146311592387
6675459382127377
3738743464366931
9
2678909832835419
2719352780814384
1974018730615334
3223399830448541
1301102350527611
7709793157679308
1074476677261393
