100
42
11
1
2018
73719
86124
65232
97496
31370
31263
6
29489
13781
29484
42710
3
22492
58453
52885
50383
46470
16975
19677
9671
38343
7
93949
10
98932
81408
30381
45525
95
35946
22580
73397
41890
34536
32381
68404
22173
25407
24867
87111
99999
5
41193
100000
49859
610
83668
63204
65850
99782
501
90347
41568
47807
11571
60637
43544
78534
89898
4
51146
69806
86374
43611
58181
7598
2
30465
84504
24305
2637
60926
98009
25667
9
66559
62995
89043
55275
99233
7668
94966
55462
84183
8075
87960
8
21592
58917
70844
3863
87330
65038
45721
53521
18541
