100
42
11
1
2018
10
46226
13428
66727
31160
55542
77126
10070
100000
99204
40978
523
99999
47145
56123
77627
93580
78840
42319
75425
70847
78492
21840
3
17043
5
59572
48314
12593
64940
20434
26035
27522
12122
90998
44257
4
912
57252
49696
23678
2
62071
23850
55487
72285
18670
75794
94792
9851
9
83213
45008
11037
90355
85128
47606
49135
47504
60265
94878
85601
1953
7
69658
27476
88737
45024
6
60250
84996
77220
95
98491
7811
64936
48415
72937
50938
65989
59083
26716
20916
28585
8
9313
945
71483
24612
77040
5543
59968
38685
51842
14491
86396
